data: b'11874.30156, 3,  -0.026,  3.086,  9.081, 4,  -0.014,  0.002, -0.012, 5,  -3.229,-37.068,-50.505, 81, 170.304,-17.956,  0.668'
data: b'11874.30409, 3,   0.007,  3.091,  9.148, 4,  -0.014,  0.007, -0.008'
data: b'11874.30663, 3,   0.010,  3.096,  9.129, 4,  -0.009,  0.013, -0.003'
data: b'11874.30913, 3,  -0.012,  3.067,  9.194, 4,  -0.006,  0.019,  0.005, 81, 170.282,-17.960,  0.657'
data: b'11874.31166, 3,  -0.026,  3.081,  9.230, 4,  -0.005,  0.026,  0.015, 5,  -3.529,-36.768,-49.905'
data: b'11874.31419, 3,  -0.034,  3.053,  9.275, 4,  -0.000,  0.028,  0.021, 81, 170.257,-17.964,  0.646'
data: b'11874.31673, 3,  -0.017,  3.069,  9.316, 4,   0.004,  0.033,  0.024'
data: b'11874.31926, 3,  -0.041,  3.084,  9.347, 4,   0.004,  0.033,  0.031, 81, 170.176,-17.976,  0.611'
data: b'11874.32179, 3,  -0.045,  3.053,  9.376, 4,   0.006,  0.034,  0.033, 5,  -3.679,-37.068,-49.606'
data: b'11874.32430, 3,  -0.053,  3.026,  9.412, 4,   0.011,  0.028,  0.035'
data: b'11874.32683, 3,   0.017,  3.024,  9.342, 4,   0.011,  0.022,  0.039'
data: b'11874.32936, 3,   0.029,  2.978,  9.340, 4,   0.011,  0.016,  0.039'
data: b'11874.33189, 3,   0.036,  2.950,  9.325, 4,   0.009,  0.012,  0.042, 5,  -2.779,-36.768,-48.557'
data: b'11874.33443, 3,   0.103,  2.945,  9.349, 4,   0.014,  0.011,  0.040, 81, 170.153,-17.978,  0.607'
data: b'11874.33696, 3,   0.134,  2.947,  9.361, 4,   0.013,  0.007,  0.035, 81, 170.140,-17.977,  0.607'
data: b'11874.33946, 3,   0.156,  2.940,  9.352, 4,   0.009,  0.002,  0.031'
data: b'11874.34200, 3,   0.184,  2.919,  9.361, 4,   0.004, -0.003,  0.026, 5,  -3.679,-38.417,-49.606'
data: b'11874.34453, 3,   0.215,  2.919,  9.345, 4,  -0.001, -0.007,  0.021, 81, 170.177,-17.973,  0.613'
data: b'11874.34706, 3,   0.211,  2.957,  9.380, 4,  -0.005, -0.015,  0.017'
data: b'11874.34959, 3,   0.208,  2.971,  9.400, 4,  -0.011, -0.025,  0.010, 81, 170.208,-17.955,  0.638'
data: b'11874.35213, 3,   0.177,  2.966,  9.390, 4,  -0.019, -0.032,  0.007, 5,  -3.979,-36.317,-50.056'
data: b'11874.35463, 3,   0.156,  2.995,  9.364, 4,  -0.024, -0.030,  0.006'
data: b'11874.35716, 3,   0.168,  3.033,  9.266, 4,  -0.034, -0.041,  0.002'
data: b'11874.35970, 3,   0.168,  2.981,  9.275, 4,  -0.045, -0.045, -0.000'
data: b'11874.36223, 3,   0.136,  2.873,  9.254, 4,  -0.050, -0.045, -0.001, 5,  -2.928,-37.668,-49.156'
data: b'11874.36476, 3,   0.151,  2.780,  9.201, 4,  -0.057, -0.046, -0.001, 81, 170.255,-17.926,  0.668'
data: b'11874.36729, 3,   0.153,  2.780,  9.141, 4,  -0.062, -0.042, -0.007, 81, 170.268,-17.900,  0.680'
data: b'11874.36980, 3,   0.196,  2.765,  9.110, 4,  -0.066, -0.038, -0.009'
data: b'11874.37233, 3,   0.201,  2.768,  9.050, 4,  -0.065, -0.033, -0.012, 5,  -3.529,-37.967,-49.455'
data: b'11874.37486, 3,   0.206,  2.842,  8.995, 4,  -0.063, -0.026, -0.019, 81, 170.288,-17.874,  0.689'
data: b'11874.37737, 3,   0.242,  2.861,  8.993, 4,  -0.059, -0.018, -0.018'
data: b'11874.37990, 3,   0.247,  2.899,  9.060, 4,  -0.049, -0.009, -0.019, 81, 170.309,-17.854,  0.696'
data: b'11874.38243, 3,   0.208,  2.966,  9.091, 4,  -0.040, -0.004, -0.025, 5,  -3.979,-35.867,-50.955'
data: b'11874.38496, 3,   0.204,  3.010,  9.110, 4,  -0.028,  0.004, -0.023, 81, 170.346,-17.843,  0.700'
data: b'11874.38750, 3,   0.199,  3.005,  9.201, 4,  -0.022,  0.003, -0.024'
data: b'11874.39003, 3,   0.180,  3.005,  9.251, 4,  -0.010,  0.008, -0.024, 5,  -4.729,-36.317,-51.706, 81, 170.363,-17.841,  0.701'
data: b'11874.39256, 3,   0.122,  2.986,  9.273, 4,   0.001,  0.015, -0.018'